000111111000111000000011111110100101110000011111111000111110000011111111111111110000001111111111111100000001111110011110
111000000000011111000111100000001111111000011110000000011110000000111100000111110000001111111111111100000111111111111111
111111111100111000000111101111100110010000111111100000001111000011111000001011110000000111110011111100000001111100111110
001111111111110000000001111111111110000000011111111111101100000001111111111111110000001111111111111100000001111101111111
111111111000001110000000001111111001111000000000000111111110000001110000001111110000001111100011111100000011110001111111
011111111110001111000100001111111110000000011111101111111110000001111111111111110000000111110011111000000011110000111110
111111110000111100000111000011111111100000110000000011111100000111100000001111100000111110000011111100000111111110111111
001111111000111000000111111111100011110001111000000001111111000111100011000011110000011111101111111100000001111000011110
111111111110001100001111100110000000011001111111100000000111000011111111111111110000000111100111111000000001111101111110
001111110000111000000111111100011111100000111000001001111100000111111000111111110000011111111111111100000011111110001110
000000011100000000000000011111111100000000011111111111111100000111111111111111100000011111111111111000000000111111111100
000111111111100000000011111111110111000000111111100111110000000011111111111111110000000011111111110000000000000111100000
000011111111100000000001111111111111000000111111111110011100000111111111111111000000000111111111110000000000001111110000
000000111111000000000000111111111100000000011111111111111100000111111100111111110000011111111111111100000000111111111100
000000111110000000000000011111111110000000001111111111111100000011111111111111110000001111111111111100000000111111111100
011111111111111000001111001000000100010001110011010000000110000011111111111111110000000000111111100000000000001111111000
000111111111100000000011111111111111100000111111111011011000000011111111111111000000000011111111110000000000000111100000
000000111111000000000001111111111111000000111110011011111110000011111011111111110000001111111111111000000000001111100000
000000011110000000000000001111111100000000001111111111111000000111111010011111110000111111001111111100000001111111111100
000001111110000000000001111111111110000000011111111111111100000011111111111111110000000111111111111100000000001111111000
001101111111110000000011100111111000100000001111111110001100000001111111110000110000000011111111100000000000111111111110
001001111111110000000011110111111111000000011101111100011100000001111111110000110000001111111111000000000001111111111110
011110011111100000000011111111111111000000011111111100000000000001111111100000000000000111111111000000000000011111111100
000111111111111000000001101101111111000000011111111100011110000011111100000001110000001111011111001000000000011111111100
000000111111111000000000000001111110000000000111111000001111000001111111000000110000000000111110011100000000001111111100
001111111110001110000000001111111110000000000000111111111000000000111111000111110000000001111110111100000001110011111110
011101111111110000000001001111111111100000001000011111111100000001111011111000110000000111111111110000000000111111111110
000001111111000000000000111111111110000000001111111111111100000001111100000011110000011111111000001100000000001111000001
000111111111110000000001111111111111000000111111100000011110000111100000000001110000111111111100000100000000011111100000
000011111111100000000000001111111111000000000111100000011100000011111000000000110000100011111100001100000000001111100000
000000111111110000000000000011111111100010000000011110011111001110000001110000110000011100000111001100000001111111111000
000011111111100000000000000111111100000000111000001111001000000111100001111100000000011111100011111000000001111111111100
000001111111100000000001110011111100000000011100000111001100000011110000011110000000011111100011110000000001111111111000
000111111111110000000000001111111100000011000000011110001111001111000001111110010000011100000011110000000011111111111000
011001111111110000000000000111111110000001110000011111100100000111100011100011110000011110011111001100000011111111111000
000011111111111000000000000111111110000000111000001111100000000011111000011000000000011111111111100000000011111111111000
000011111111110000000000011111111110000000000000111111110000000110000001111011110000011110000111110100000011111001111110
000111111111110000000000011111111110000000011001111111111000000011111001111000110000001111111111110000000001111111111100
000001111111110000000000111111111110000000011011111111000000000111000011111000000000111110000111100000000011111101111000
011111011111110000000000111111111100000000000000111110000100001110000001111111110001111000000111111100001110001111000111
000011111111000000000000011111111100000000000001111111110000000000000111111100010000000011111110111100000001111110011110
000111111111000000000000001111111100000000000001111111111000000000000001111111100000000000001111111100000011111111111110
111000000001111000000000111111111111000000000011111111100000000000000001111110000000000000001111111000000100011111111110
000111101111110000000000011111111100000000000000111111111000000000000001111111100000000011111111001000000001111110000111
011110000111100000000001111111001111000000000111111111110000000000000111111111110000000011111111111000000001111111100011
111100000011100000000000011111111011100000000011111111111000000000000111111000000000000011111111110000000001111111111111
001111100000111000000001111111111111100000000111111111111100000000001111111111110000000001111111111000000000111111000111
001111111011111000000001111111111100000000001111111111000000000000001111111110000000000111111111110000000000011110000110
011100000111000000000000111111111110000000000011111110000000000000000111111111000000000000111111111100000000111111111011
000111111100001000000000111111111100000000000011111111111100000000001111111111000000000011111100001100000000111110001110
000011111111000000000000001111000111000000000000110001111110011000000000000111110000011100000111111000000000011111111100
001111111111111100000000111111111100000000011100001111001100001111000000011100110011111100000001111100011111000111111111
000000111110000000000111000011100000000000111000001110001110000111110000000000110000001111111001111000000000111111111100
000011111111000000000000011111111000000000111100000111100000000111100000011100000000011111000011000000000001111111000001
000011111111000000000011001111110000000000111000111100000000000111110001000100000000001111100000111100000001111111111100
001111111111111100000000011111111100000000000000111100000000000110000011100000110000000000000001111100000000000011111111
001111111111000000000001111111110000000000000011111100001110000011000011100001110000000111001111111000000000111111111110
000111111111100000000000011111111100000000011111111111001110000000111001111011100000000111111111110000000000111111111100
011110011111111100000001111111111100000000000011111100000000000110001110000000110001110000000000111100001111110000111111
000011111111000000000000011111110000000000000001111110000000001100000111110000110000001110001110011100000000111111111100
000111111111111000000001111111111110000000001111111111100000000001111111110000000000001111111111111000000011111111111000
000111111111110000000001111111111110000000001111111111110000000001111111111100000000001111111110000000000001111111001110
000011111111110000000001111111111110000000011111111111100000000011111111110000000000001111111100011100000000111111111100
000111111111110000000001111111111110000000001111111111110000000001111111111100000000000011111111110000000000111111111000
011000001111111100000001111011110111100000001111111110111000000000111111111110000000000111111110000000000011111111000000
000111101111110000000000111111111110000000001111111111111000000000111111111110000000000011111111000000000000111110011110
000011111111000000000000111111111000000000001111111100000000000001111111000000000000001111111001111100000000111111111110
001111111111111000000011111111111111000000010111111111110000000000011111111100000000000011111111110000000001111111111100
001111111111111000000001111111111110000000001111111111100000000001111111110000000000001111111100000100000011111110001111
001111111000000110000001111111111111000000001111111111100000000000111111110000000000010011111000000100001000011111001110
000111111111111000000000001111111111100000000000000111111110000000000000000111110000001111110001111100000000111111000100
000111111111100000000000111111111110000000000000001111111100000000000000001111100000011110000001111100000000111111111111
001111111111110000000000000111111111000000000000000011111100000000000000000011110000001111111110111100000000011111000000
000011111111111000000001111111111111110000000000000111111110000000000000001111100000011111110000111100000001111100000001
111000011111111000000000001111111110000000000111111101111100000001111000000011110000011111000000011100001111111100000001
000001111111111100000000011111111111110000000000000111111110000000000000000111100000001111111011111100000001111100000000
001110001111110000000000111111111111100000000001111111111110000000000001111111110000000000000011111100000001111100000111
000011111111000000000000111111111110000000000011111111111100000000000011100001110000000011111111110100000000111111111100
000000011111100000000000011111111111000000000001101111111100000000001111000011110000001111111000001100000001111111100000
000001111111100000000001111101111111000000000011100111111110000000001111110000110000000001111111001100000000011111110000
001111111111000000000000001111100001000000000000111111111101001100000000111111110000011000111111111000000000111111111100
001111100001111100000011111111000111000000111000011111100000000011100000111100000000111100001111100000000111001111111100
000111111111000000000000000111110000000001100000111110010100001110001001000111110000011100111111111100000000111111111110
000011111111110000000000111111110000000000011101111110001100000111011110011111110000111000111111111100000011001111101110
000111111111000000000011100111110000000000111100011111110000000111111111101111110000001111111111000000000000111111110000
000111111111100000000000000111110000000000000000010111111100000110000000001111110000011100111111111100000001111111100000
000111111111011000000000011110000001110000000111110000011111001000001001111111110000000001111101111100000000011111111100
000111111111100000000010001111110000000000011111011110000100000001110111111001110000000111111110011100000001111111111110
001111111111000000000000111111111000000000001001111001111000000000000001111111100000111011111100001100000011111110000111
011111110011110000000000111111111100000000011000111100000000000111111110111000010000111111111111000000000011001111110000
010001111111111000000011111111100011110000000011111111001111000000000011111111110000000000111111011100000000011110011111
010001111111110000000011111111111111100000000111111111111110000000001111111111110000000011111000111100000000111111011111
110000000111100000000001100111111111000000001111111111111110000000000011111001110000001110011110001100000011111111000001
001110001111110000000000111111111111000000000001111111111110000000000011100011110000000000111101111100000001111111111111
110000111111111000000001111111001111110000000111100001111111000000001110001111110000001011111111001100000001111111000111
000111111111110000000000011111111111100000000000111111111110000000000001111111110000001111101111111100000000011111111110
000011111111110000000000011111111000100000000000111111100001000000000001111101110000000000001111111000000000011111111100
000111111111110000000000111111111111100000000011111111110000000000001111110000110000001111111000011100000001111111000111
001011111111111100000011111111000001111000000111111110111111000000001111111111110000000000111100111000000000111111111110
000011111111110000000000011111111101100000000000111111111111000000000001111111110000000111111111111000000000011111111100
